../.git/annex/objects/Kw/Zg/SHA256E-s971--2280a82edb9d08b8497198de57082abca023869ec4a4ff271d412caab93c7867.tsv/SHA256E-s971--2280a82edb9d08b8497198de57082abca023869ec4a4ff271d412caab93c7867.tsv