../.git/annex/objects/z6/JF/SHA256E-s38867--b7bd5eb93aafee291b119544e2f6e5c1f1125f7c180a5f8945d5c4532e4d8948.tsv/SHA256E-s38867--b7bd5eb93aafee291b119544e2f6e5c1f1125f7c180a5f8945d5c4532e4d8948.tsv