../.git/annex/objects/4q/Wj/SHA256E-s2903--e83e5baa6a499cd0e5052927b39543407fd2615cd4c6ce1ad8813ce303c9979b.tsv/SHA256E-s2903--e83e5baa6a499cd0e5052927b39543407fd2615cd4c6ce1ad8813ce303c9979b.tsv