../.git/annex/objects/X6/J5/SHA256E-s968--8b44ffad85ad11a7637e017067612929443ef567b381b361513e55d81e817232.tsv/SHA256E-s968--8b44ffad85ad11a7637e017067612929443ef567b381b361513e55d81e817232.tsv